pixel	charge_cc_ff	charge_averagewf_ff
0	0.9848175	1.08492
1	0.95448524	1.016939
2	0.94188327	0.972493
3	0.98795843	1.0368176
4	0.8928162	0.92253834
5	0.96814567	1.0280198
6	1.0528381	1.1062759
7	0.92573375	0.95633477
8	0.9982725	1.0811468
9	0.96493286	1.0364965
10	0.9299643	0.9434236
11	0.97786695	1.0360935
12	0.9684415	0.9672811
13	0.9996099	1.0425764
14	0.9474652	0.98378253
15	0.9036722	0.93856776
16	0.9221227	0.97252357
17	0.9554921	0.94646907
18	0.96927315	1.0023289
19	1.1134052	1.1883031
20	0.937905	0.9743373
21	0.97270304	0.979555
22	0.9646687	0.9983459
23	0.95632654	0.98191094
24	0.8355793	0.8622153
25	2.5967958	2.9976108
26	0.86222434	0.87588644
27	0.74728596	0.74114585
28	1.0975095	1.1547186
29	0.9056424	0.9088187
30	0.9406344	0.9557123
31	0.8096756	0.8547711
32	0.993227	1.0838952
33	1.0068655	1.0913728
34	0.9829633	1.0261387
35	0.9327247	0.91114223
36	0.9514089	1.0025299
37	0.97596353	1.0058686
38	1.0331713	1.0820576
39	0.9782648	1.0028617
40	0.93647546	0.9287647
41	0.9701478	1.0060369
42	0.9837997	0.9971471
43	0.9954211	1.0392157
44	1.0534668	1.1464944
45	1.0443946	1.0891339
46	0.93633676	0.964655
47	0.89595985	0.91543597
48	0.9046574	0.9066665
49	0.8939715	0.88202876
50	0.9290768	0.9255901
51	0.94209075	0.9542276
52	0.94706106	0.9279886
53	0.8958816	0.84678435
54	1.0138245	1.0397791
55	0.9272009	0.9265293
56	0.77527994	0.7383471
57	0.70487964	0.6629048
58	1.0	1.0
59	1.0380234	1.0425084
60	0.9505001	0.92913014
61	1.0227153	0.9855936
62	0.9522407	0.9015554
63	0.9334132	0.93206614
64	1.0314076	1.0990989
65	1.068133	1.1182845
66	0.91060925	0.89330727
67	0.96031433	0.9672496
68	1.0085622	1.0500212
69	1.0486251	1.1106881
70	1.0481765	1.0791128
71	1.0519435	1.057335
72	1.0526147	1.0929307
73	1.0813539	1.1230729
74	1.0156025	1.0012244
75	1.0483809	1.0842568
76	0.9966708	0.9817445
77	1.0681129	1.1064351
78	1.0484554	1.0945671
79	0.96421295	0.99529743
80	1.023434	1.091284
81	1.0196421	1.0329685
82	1.0458524	1.1044903
83	1.0868336	1.1401116
84	1.0432166	1.087932
85	0.953754	0.94247085
86	0.9961708	1.0299791
87	0.9986093	1.0214465
88	0.997764	1.0491774
89	1.0196133	1.0639981
90	0.9882079	1.0445901
91	0.92436624	0.9456535
92	0.99784	1.034414
93	0.9561798	0.9704181
94	0.93658066	0.94106996
95	0.9210861	0.97718215
96	1.0	1.0
97	1.0	1.0
98	1.0	1.0
99	1.0	1.0
100	0.6156427	0.5967593
101	1.0	1.0
102	0.83337283	0.83176744
103	0.869874	0.85307586
104	1.0932914	1.061105
105	0.9448868	0.9313391
106	0.9490302	0.9164444
107	1.0092509	0.98892075
108	1.1001899	1.151066
109	0.9373343	0.93568283
110	0.98210114	0.9809027
111	0.8928811	0.85736793
112	1.0385436	1.0280722
113	1.042372	1.0373687
114	1.0093746	1.0114713
115	1.0179574	1.0447857
116	0.93346834	0.9036871
117	0.9903969	0.9356218
118	0.9390263	0.94149345
119	1.0226561	0.99531746
120	1.0243689	1.0076983
121	1.0112273	0.94714665
122	1.0710472	1.0504954
123	1.0241519	1.0059938
124	1.0124921	0.9646473
125	1.0156721	0.95270425
126	0.9753427	0.9252158
127	0.94884855	0.9200143
128	0.9996947	1.1060178
129	1.0218488	1.0737029
130	1.0090553	1.0035
131	1.02558	1.0600107
132	1.0450398	1.105075
133	1.0331466	1.1050818
134	1.0725427	1.1317434
135	1.0413284	1.0809735
136	1.0272963	1.1088424
137	0.97602534	1.0641292
138	0.94706005	0.9613686
139	1.0277133	1.1215591
140	0.95807445	0.9744598
141	0.9652974	1.0156454
142	0.9723163	1.0487347
143	0.954823	1.0340711
144	0.9838494	1.0441585
145	0.96082383	0.9632489
146	1.0168102	1.0858859
147	1.0519158	1.1188108
148	1.0236533	1.0685488
149	0.98307127	0.974829
150	1.1074828	1.1519946
151	1.0015637	1.0235698
152	0.9598557	0.9953444
153	1.0195464	1.0556785
154	1.0519685	1.1337966
155	1.0011271	1.0546559
156	1.0761205	1.0921191
157	1.0025438	1.0422997
158	1.002425	1.0112474
159	1.0414371	1.1270025
160	0.9990274	1.0872746
161	1.0454336	1.1619931
162	1.0383692	1.0974696
163	1.0339799	1.0508755
164	1.0064431	1.0393958
165	1.0497605	1.0911348
166	1.0278597	1.0656972
167	0.9622934	0.97233987
168	0.9885645	0.9835669
169	1.0047505	1.0387889
170	0.9924725	1.0027128
171	0.9865165	1.0294785
172	1.0572052	1.1842678
173	0.9962402	1.042711
174	0.9563554	0.9967157
175	0.9411539	0.9538362
176	0.94874245	0.92698723
177	1.0422632	1.0232766
178	0.9852765	1.0044233
179	1.0502158	1.086416
180	1.0206504	1.0058239
181	0.95441335	0.91383016
182	1.0212902	1.0436457
183	1.0825064	1.0751733
184	0.91613704	0.89789945
185	0.89686364	0.841084
186	1.3264464	1.3403782
187	0.98951423	0.9613906
188	0.967256	0.9578992
189	1.0162563	0.97845477
190	0.97635245	0.9361451
191	1.0285504	1.008076
192	1.0454237	1.1747806
193	1.0186428	1.0993606
194	0.95099545	0.979251
195	1.0234452	1.1060834
196	1.0115718	1.0911931
197	1.0435923	1.1367519
198	1.0229414	1.1014867
199	1.001509	1.0602181
200	0.9818259	1.067543
201	1.0287235	1.1340555
202	0.95739776	0.99506325
203	0.9860885	1.060561
204	0.9764672	0.9908322
205	0.9617693	1.0287341
206	0.96410775	1.0532569
207	0.975037	1.0494535
208	0.99544215	1.0664988
209	1.0134457	1.0684062
210	1.0340374	1.1535758
211	1.054141	1.144854
212	1.0287278	1.0980095
213	1.0069674	1.041613
214	1.023388	1.0791571
215	1.0072243	1.0933053
216	0.98580015	1.0432142
217	0.9944186	1.0860771
218	0.99057007	1.0627413
219	0.98545384	1.033028
220	1.0150148	1.0905539
221	1.0231688	1.0903399
222	0.9971791	1.0514679
223	0.9844565	1.0748297
224	0.95916384	1.0471483
225	0.9821217	1.0862125
226	0.97590244	1.0472554
227	0.9483998	0.97521263
228	0.9531038	1.0041298
229	0.94789773	0.9967375
230	0.96588343	1.0358273
231	0.96733654	1.009155
232	0.9558616	0.97926074
233	1.0046953	1.0663468
234	0.98970205	1.0385765
235	1.011895	1.0861626
236	1.0591706	1.1773815
237	0.9707615	1.027213
238	1.0163351	1.0638692
239	0.9567966	0.99269754
240	0.8763356	0.8781312
241	0.96075433	0.9740894
242	0.9117937	0.92345065
243	0.92192644	0.9544811
244	0.9504249	0.9398834
245	0.9766954	0.95391256
246	1.0065888	1.0431936
247	0.99026227	1.0024799
248	0.99840784	1.0019478
249	1.0256591	0.96889895
250	1.0000939	0.98415285
251	1.032704	1.034787
252	0.97390026	0.9757165
253	1.0271399	0.9989057
254	0.98339283	0.9642009
255	0.9731776	0.9714835
256	1.0830845	1.2422837
257	1.056931	1.1689721
258	0.95224106	0.99143535
259	1.020158	1.089848
260	1.0502998	1.1497464
261	1.0893067	1.1998618
262	1.0252315	1.110983
263	0.9932462	1.0568508
264	1.0793139	1.1756456
265	0.993601	1.0876988
266	0.9976961	1.0106727
267	1.0895323	1.1601452
268	0.96813035	0.9828091
269	0.98556936	1.0515409
270	0.9969682	1.0578319
271	1.0371356	1.1121994
272	1.1237814	1.2196091
273	0.9706005	0.98269165
274	0.9629604	1.0294828
275	1.0620283	1.1486632
276	0.99759567	1.0295308
277	1.057824	1.0553359
278	1.0724826	1.099172
279	0.9924264	1.0133915
280	1.0943558	1.1205283
281	1.0515945	1.0746564
282	1.067835	1.1082594
283	1.0446618	1.0436549
284	1.0685842	1.107087
285	0.96319705	0.95882684
286	0.9700721	0.9650263
287	0.9486633	0.9826719
288	1.1260632	1.275166
289	1.0615063	1.2162216
290	0.9757087	1.0520556
291	1.0233474	1.0437526
292	1.0126083	1.0806766
293	0.96410125	1.0072757
294	1.0437267	1.1501263
295	1.0055639	1.053868
296	0.9891673	1.019102
297	0.9919865	1.0821698
298	0.99590814	1.0501211
299	0.96321523	1.0266107
300	1.1402752	1.2893373
301	0.9989645	1.0754805
302	1.0653301	1.1096969
303	0.9363474	0.9632892
304	1.3349699	1.3263048
305	0.9983632	0.97936964
306	0.9050531	0.8755139
307	0.9121645	0.89229506
308	1.0181316	0.99827105
309	0.94623154	0.9304339
310	1.1125137	1.158629
311	0.9123509	0.92183155
312	1.0052526	0.9677934
313	0.9644652	0.89783835
314	1.0210669	0.9869705
315	0.97566724	0.9332469
316	0.99447596	0.98439837
317	1.1108205	1.0778615
318	0.97741103	0.9494316
319	1.0851134	1.0814023
320	1.0191386	1.1071689
321	1.0190251	1.0680964
322	0.96938807	0.96614486
323	0.98388815	1.0265309
324	0.9967873	1.0186815
325	1.0116305	1.0806035
326	0.9870334	1.0319345
327	1.0315557	1.0668087
328	1.0395046	1.0991856
329	1.0087924	1.0786431
330	0.9610134	0.9599702
331	1.0170991	1.0659449
332	0.9486569	0.9427219
333	0.99100727	1.037574
334	0.99271965	1.0363427
335	0.9984558	1.0333656
336	1.0042205	1.0571059
337	0.99904054	1.0000854
338	1.0529836	1.1420497
339	1.0606116	1.1217078
340	1.0463623	1.0845368
341	1.01342	1.0088284
342	1.0093057	1.034955
343	1.0092279	1.0132374
344	0.9921821	1.0347478
345	1.0214436	1.0738701
346	0.9380534	0.97702175
347	0.97865623	1.0054612
348	1.0386392	1.0764053
349	1.0624759	1.0725728
350	1.0298831	1.0346884
351	0.99693424	1.0524296
352	1.0347894	1.1087942
353	1.040215	1.1381392
354	1.0118858	1.0510526
355	1.0052232	0.99366015
356	0.92592555	0.9472517
357	1.279583	1.2369181
358	1.030198	1.0633035
359	1.0259091	1.0470436
360	0.9294983	0.9178892
361	0.9819025	1.0014317
362	0.920711	0.9277995
363	0.95799166	0.9771076
364	1.0275558	1.1059391
365	0.995577	1.032104
366	1.0074068	1.0162753
367	0.94886565	0.95517814
368	0.91299045	0.9082787
369	0.9657014	0.9463202
370	0.951318	0.9407182
371	0.95550895	0.96951264
372	0.9901272	0.95301306
373	0.99162555	0.9371949
374	1.016419	1.0400238
375	1.0564005	1.0508641
376	1.0076642	0.9668651
377	0.955114	0.8865368
378	1.0161407	0.99574286
379	1.0243682	0.99714917
380	0.9889229	0.9675229
381	1.033469	0.97618484
382	1.0353605	0.97639793
383	0.9858767	0.9683565
384	1.0802866	1.2413774
385	1.0277349	1.1223819
386	0.9691449	1.0165886
387	0.96790624	1.0325242
388	1.0039092	1.0874578
389	0.9412646	1.022103
390	1.0912925	1.1999987
391	1.0175912	1.0817103
392	0.9705737	1.0575538
393	1.0958215	1.1879671
394	1.0475754	1.0857085
395	0.9490019	1.009211
396	1.124877	1.115793
397	1.071336	1.1491351
398	0.95484877	1.016299
399	0.97839564	1.0570551
400	1.0194705	1.0809976
401	1.0235704	1.0369564
402	1.0554376	1.1287456
403	1.04745	1.1154252
404	1.0880649	1.1514157
405	1.0043534	1.0086007
406	1.1387771	1.1895726
407	0.9911957	1.0278511
408	0.95549965	1.0006781
409	0.9669077	1.0185665
410	1.0129082	1.0751182
411	1.0125072	1.0416989
412	0.9835055	1.0198182
413	1.0092729	1.0342032
414	0.9975786	1.0032641
415	0.9881247	1.0505958
416	0.97309643	1.0646489
417	1.011559	1.0878112
418	1.0115879	1.0389519
419	0.9871839	0.9758225
420	0.93992484	0.9846114
421	1.0488778	1.1121347
422	0.9412087	0.97889906
423	0.9460015	0.98042357
424	1.124823	1.1501147
425	0.9900439	1.0406278
426	0.9900328	1.026646
427	1.1098368	1.1977236
428	1.0395964	1.1220058
429	1.0813192	1.1311462
430	1.0591246	1.118543
431	1.026092	1.0431814
432	0.93493325	0.9521835
433	0.9688883	0.98353225
434	1.0011107	1.0292875
435	1.027388	1.0624559
436	1.0276934	1.0074949
437	0.9850773	0.94051063
438	1.0031161	1.015342
439	1.0234183	1.0076575
440	1.0228089	1.021739
441	0.99386364	0.93881387
442	0.97871983	0.97736055
443	0.97328436	0.97434396
444	1.0027884	0.97411984
445	1.0159208	0.97061473
446	0.9741993	0.9361391
447	0.9942784	0.9719793
448	0.9703499	1.0982063
449	2.681842	3.5813353
450	0.73891205	0.74670655
451	0.89496756	0.9342216
452	0.95426905	1.0277905
453	0.97946787	1.0687767
454	1.0245823	1.123486
455	1.0328742	1.10594
456	1.0601846	1.1480749
457	0.9642024	1.0327171
458	0.9855254	1.0113792
459	1.0800682	1.1819218
460	0.990536	0.9924934
461	0.9447687	1.0158032
462	0.96198976	1.011699
463	0.94425184	1.0121951
464	1.0185517	1.1000957
465	1.0362929	1.0629921
466	0.9892875	1.0591664
467	1.0629569	1.1264472
468	0.9959953	1.0480613
469	0.9981906	1.0196933
470	1.0867167	1.1538222
471	0.99851596	1.0334713
472	1.0219043	1.1005569
473	1.012678	1.0828434
474	1.0133322	1.101078
475	1.0040134	1.074245
476	1.019531	1.0838968
477	1.0022388	1.0436089
478	0.9659418	1.0015082
479	0.9804645	1.0682663
480	0.9836852	1.0462215
481	0.9902965	1.0792016
482	0.96194243	1.0006328
483	0.9418593	0.9548618
484	1.0010673	1.0606164
485	0.97176313	1.0097632
486	0.9248929	0.98420453
487	0.9982137	1.0256513
488	0.9501965	0.97630835
489	1.0228959	1.099234
490	0.91249377	0.9387336
491	1.1049311	1.1833338
492	1.1474476	1.2645694
493	1.0548885	1.1088215
494	1.0014136	1.0337611
495	0.94092077	0.96274894
496	0.96129066	0.978906
497	0.9748154	0.9755117
498	0.97223866	0.9812091
499	1.0051636	1.0309863
500	0.9970761	0.9885376
501	0.9819388	0.9392538
502	1.0405552	1.0577744
503	0.9986646	0.9913927
504	1.0146081	1.0096242
505	0.97006273	0.9408389
506	0.9530633	0.9556815
507	0.9573045	0.9608385
508	0.978273	0.9856088
509	1.020216	0.9989532
510	0.98159397	0.94158876
511	1.0186661	1.0075308
512	0.98253965	1.0871738
513	0.99392265	1.079731
514	0.9634828	0.98124474
515	1.0323225	1.0880896
516	0.9721896	1.0273603
517	0.9966851	1.0492977
518	0.96420914	1.0141343
519	1.0183696	1.0680515
520	1.0390707	1.1079493
521	1.0287818	1.0874717
522	0.8822485	0.8844287
523	1.0341944	1.0871981
524	0.9734821	0.9702135
525	0.99584085	1.0440828
526	1.0289602	1.1034282
527	1.052444	1.1162181
528	1.0093434	1.0851823
529	0.9204166	0.9296561
530	1.0163566	1.1043321
531	0.9851288	1.0374168
532	0.98344153	1.0205191
533	0.9559212	0.9707533
534	0.981508	1.0178816
535	0.9889192	1.0180386
536	0.9452303	0.9996683
537	1.2076365	1.2247003
538	0.92718196	0.99078315
539	0.9478972	0.9962249
540	1.1183702	1.2122115
541	0.977663	1.0109683
542	0.9319019	0.96055025
543	0.96180195	1.0334637
544	1.0531276	1.1680558
545	1.0251923	1.1245712
546	0.89990246	0.9338854
547	0.9521762	0.96402365
548	0.9262572	0.95286316
549	0.9620113	0.9938306
550	1.0021049	1.0581226
551	0.9986833	1.0345446
552	0.97873753	0.984326
553	1.0671697	1.1385833
554	0.9987716	1.0204276
555	0.9966933	1.062567
556	1.10146	1.2354861
557	0.91468024	0.95106643
558	1.0346437	1.093694
559	0.8916389	0.9014818
560	0.9292464	0.94857097
561	0.9415224	0.9586709
562	0.9041023	0.92053384
563	0.9471042	0.98007673
564	1.0053573	1.015943
565	1.0130012	1.0025845
566	1.0406108	1.0991045
567	1.0132846	1.0293432
568	0.8928876	0.8846495
569	0.8320709	0.8071791
570	1.6455439	1.76879
571	0.884232	0.8817836
572	0.99522054	0.9922607
573	0.98524374	0.9785625
574	0.9834615	0.9787445
575	1.0713252	0.9902744
576	1.0474749	1.1767174
577	1.0087849	1.1027274
578	0.97565883	1.0063969
579	1.0357716	1.099007
580	1.0028956	1.068478
581	0.9794104	1.0395293
582	1.0034472	1.0646249
583	0.9789656	1.0149012
584	1.096148	1.1945424
585	1.0304198	1.104004
586	1.0238239	1.0469502
587	1.0241435	1.0814123
588	0.975024	0.9643857
589	1.0538373	1.1161197
590	1.0491605	1.1041659
591	1.0303254	1.0889509
592	1.032846	1.1372601
593	0.9823466	1.0013332
594	1.0253962	1.1301553
595	1.0830983	1.1530458
596	1.0366732	1.0985099
597	0.9879927	1.0040474
598	1.0572344	1.1145955
599	0.99911374	1.0494729
600	1.034949	1.1163894
601	1.033764	1.0976115
602	0.9891678	1.067195
603	0.9083095	0.944667
604	1.0063169	1.0558634
605	0.9877951	1.0261773
606	1.0056249	1.0478977
607	0.9787567	1.0584027
608	0.97679174	1.0278152
609	1.0665516	1.1535225
610	1.0836116	1.1314809
611	1.0463706	1.0304996
612	1.0276297	1.0799019
613	1.0192829	1.0676514
614	0.9845278	1.0305274
615	0.96273565	0.9805083
616	0.94345486	0.9390181
617	0.9652409	0.97987384
618	0.96010554	0.9672992
619	1.465224	1.6324527
620	1.0546014	1.1255984
621	1.0091398	1.0394362
622	0.9897597	1.0064205
623	0.9213248	0.9105249
624	0.96867573	0.9658763
625	1.0412745	1.044281
626	0.9278317	0.9303713
627	1.0105884	1.0074209
628	1.0432538	1.0442823
629	0.99266976	0.94209
630	1.0040239	1.0254754
631	1.0273666	1.0336838
632	0.99973565	0.97882193
633	0.9771712	0.9392414
634	1.0381324	1.0150577
635	1.0087647	0.98262924
636	1.0063182	0.99180126
637	1.0153332	0.98877513
638	0.9863447	0.9670226
639	1.0123343	0.9883547
640	1.0392544	1.1562837
641	1.0028452	1.0805769
642	1.0109776	1.0276295
643	0.9694445	1.0169288
644	0.9698354	1.01915
645	0.9475375	0.9994027
646	0.9639454	1.009587
647	0.986179	1.0308436
648	1.0086621	1.0806912
649	0.9901851	1.0626599
650	0.95541495	0.9677495
651	0.98881894	1.036582
652	0.9649619	0.96746254
653	1.272402	1.3619239
654	0.9158755	0.9453986
655	0.90845776	0.94841003
656	0.94860214	0.9867356
657	1.002752	1.0154326
658	1.0268922	1.1138717
659	0.98964643	1.0418574
660	1.0027548	1.0405471
661	1.0160145	1.001816
662	1.051196	1.081879
663	1.0336224	1.0646689
664	1.0147278	1.0587566
665	0.9694204	1.0222908
666	1.0029298	1.0663784
667	0.9842248	1.0090513
668	1.0440271	1.0759364
669	1.0337785	1.0585512
670	1.0369288	1.0660126
671	1.0089126	1.0817014
672	1.0006539	1.0612429
673	1.0702206	1.1808087
674	0.9656289	1.0055919
675	0.9877341	0.9684432
676	0.9400387	0.97546285
677	0.97653705	1.0037878
678	1.0165756	1.0603511
679	0.9803445	1.0020193
680	0.9699134	0.9817014
681	0.9953035	1.0386485
682	0.97790205	1.003522
683	0.98993033	1.0324118
684	1.0383594	1.1167029
685	1.0156177	1.0471306
686	0.9607421	0.9832531
687	0.99336964	1.0207217
688	0.97192883	0.96204346
689	0.98005855	0.9683124
690	0.97348905	0.96755767
691	0.9856046	0.9911201
692	0.9903617	0.9616505
693	0.97916377	0.9407671
694	0.99863964	0.99563193
695	0.973603	0.957295
696	0.9798589	0.96824497
697	0.95790404	0.9082657
698	1.4145569	1.478417
699	0.9320775	0.91197866
700	0.95919967	0.94325584
701	1.0301067	1.0006692
702	0.976908	0.9386387
703	0.9316437	0.9164615
704	1.0375831	1.1319935
705	0.98907596	1.0502323
706	1.0224078	1.0340983
707	1.0486101	1.1163079
708	1.0056884	1.0571337
709	0.9765649	1.0292679
710	1.0007656	1.0426265
711	0.9930308	1.0190673
712	1.1053152	1.1753803
713	1.0406173	1.0899404
714	1.0128003	1.0133251
715	1.0090795	1.0321956
716	1.0715932	1.0396582
717	1.060267	1.0930464
718	1.0613372	1.0829774
719	1.0042474	1.0530685
720	1.0381625	1.080096
721	0.9509206	0.9396473
722	0.96358013	0.99671215
723	1.0633212	1.1095643
724	0.99605817	1.0069348
725	1.064681	1.0423568
726	1.1038603	1.1282247
727	1.0305517	1.0474566
728	0.9745588	1.0018228
729	1.0478284	1.0713557
730	1.0962787	1.1495934
731	1.0139506	1.0250816
732	0.98145074	1.0158161
733	0.99386114	0.99269587
734	1.0285147	1.0251385
735	0.9466298	0.97779965
736	1.0676858	1.1348453
737	1.0524088	1.1287131
738	1.0374844	1.0645611
739	1.0315425	1.0087388
740	1.0637463	1.1011091
741	1.0535601	1.0785885
742	1.054628	1.0959493
743	1.0027049	1.02688
744	0.9806758	0.9682049
745	1.0352718	1.0763819
746	0.97519815	0.98456335
747	1.014603	1.044225
748	1.0523914	1.1150132
749	1.0204246	1.0487915
750	1.0365994	1.060168
751	1.0251215	1.0215398
752	0.90758413	0.8849325
753	1.0189338	0.99517286
754	1.0000219	0.989209
755	0.9829317	0.9728503
756	1.0697662	1.0321051
757	0.9809465	0.9189892
758	1.0872502	1.0970463
759	1.0485344	1.0149117
760	0.9431821	0.90629685
761	0.9721193	0.8819669
762	1.3241638	1.3169954
763	0.9654394	0.9161066
764	1.0549929	1.019144
765	1.0656904	1.0046252
766	1.0118285	0.9520665
767	1.059782	1.0301812
768	0.9547577	1.0280664
769	1.0167369	1.0775572
770	1.0245633	1.0362316
771	1.0931606	1.1543748
772	1.0276508	1.0692027
773	1.0295268	1.0851321
774	0.9868613	1.0288913
775	0.9448089	0.9836267
776	1.0598091	1.1320059
777	0.97401786	1.0293876
778	0.9690849	0.9656025
779	1.0242567	1.0846232
780	1.0239079	1.0184158
781	0.9919633	1.0372797
782	0.9354896	0.98156285
783	0.9615823	1.0139495
784	0.99211705	1.0290916
785	1.013287	1.0303112
786	1.014379	1.0661839
787	1.0613704	1.1050322
788	0.9979957	1.0366634
789	0.9653212	0.96294755
790	1.0057299	1.0393647
791	1.0277158	1.0519816
792	1.041443	1.0803257
793	1.033513	1.0669938
794	0.98581296	1.0312115
795	1.0418531	1.0806637
796	1.0299361	1.0608121
797	1.0338622	1.0604963
798	1.0406764	1.0676705
799	0.96834016	1.0206448
800	1.0835888	1.1907507
801	1.0791523	1.1976889
802	1.0921246	1.1528817
803	1.0139142	1.0120476
804	0.9843294	1.0503296
805	1.0457953	1.0995502
806	1.0113456	1.0778759
807	1.0479969	1.100308
808	0.95957386	0.9734478
809	1.075283	1.1582673
810	1.0305514	1.0625037
811	1.0156635	1.0749048
812	1.0271444	1.1208
813	1.0156932	1.0718544
814	0.9764738	1.0289792
815	0.9787839	1.0095081
816	0.947791	0.94419
817	0.9504042	0.9397322
818	0.9740045	0.98505485
819	0.9960476	1.0121444
820	0.98824805	0.9570019
821	1.0301282	0.98821247
822	1.0132186	1.0187132
823	1.0251331	1.0052462
824	1.0562662	1.0259097
825	0.98918086	0.93010634
826	1.0266308	1.0034689
827	0.99271536	0.96596813
828	1.0033951	0.97573286
829	1.0012511	0.96493626
830	1.0306432	0.9987054
831	0.9808865	0.96402484
832	1.0236566	1.1095315
833	1.0526496	1.1532924
834	0.97372127	0.9875488
835	0.915735	0.94731075
836	0.9787119	1.0153365
837	1.0213836	1.0695356
838	1.0507342	1.1092842
839	1.0078268	1.0275587
840	1.0551788	1.1280005
841	1.0006663	1.054109
842	0.98390996	0.9616207
843	0.97559726	1.0053035
844	0.9713612	0.9487714
845	0.999905	1.0539473
846	0.9943116	1.0439548
847	0.9762996	0.9975987
848	0.9972703	1.0537769
849	1.0078973	1.0018796
850	1.0189183	1.0605983
851	1.0136341	1.057277
852	1.0054955	1.0148156
853	0.9816035	0.9660724
854	1.0240866	1.0387989
855	1.0360072	1.0417991
856	1.0382967	1.0866594
857	0.96036434	0.9954697
858	0.9957362	1.049827
859	0.9886259	1.0203782
860	0.9709571	1.0112833
861	0.9542479	0.9863607
862	0.94505286	0.960727
863	0.9585454	1.0271997
864	1.01519	1.0780346
865	1.0413011	1.1270057
866	1.0502208	1.0910378
867	1.0241079	1.0123916
868	0.9141532	0.94776016
869	1.0750602	1.123202
870	0.90893024	0.9415547
871	1.0705019	1.1049713
872	1.0985562	1.116826
873	0.97035563	1.0125562
874	0.9660255	0.98506385
875	1.135245	1.2208339
876	1.052357	1.127902
877	1.0260426	1.0557292
878	1.0153072	1.0418774
879	0.98231536	0.9925901
880	0.96455896	0.9580315
881	0.94369245	0.9459062
882	0.92870826	0.9329881
883	0.97226954	0.99984103
884	1.0260476	1.012209
885	1.0382719	0.9806791
886	1.0301824	1.0503268
887	1.0608385	1.0416945
888	1.0316621	1.0250802
889	0.9968727	0.93572986
890	1.0366404	1.0392382
891	0.9972142	0.98976576
892	1.0218407	0.98754585
893	1.0407023	0.9985302
894	1.0225749	0.9741208
895	1.0205946	1.0055609
896	1.1107116	1.2023677
897	0.9931373	1.0440156
898	1.0197809	1.0181415
899	1.0542239	1.0906246
900	1.0949136	1.1285781
901	0.9961685	1.0652856
902	1.0173408	1.0867447
903	1.0590192	1.0750445
904	1.0158479	1.0767744
905	1.2045932	1.2856833
906	0.9926648	0.9822442
907	1.0324826	1.0695257
908	1.0734032	1.0427363
909	1.0461582	1.1350639
910	0.9843737	1.0371544
911	0.9572754	0.99981755
912	0.9457134	0.96367455
913	1.1725894	1.1679959
914	1.1503388	1.2688438
915	1.0645704	1.1531166
916	1.0586219	1.0995237
917	1.0445366	1.03088
918	1.1744059	1.2109007
919	1.0727179	1.1036414
920	1.0815783	1.0923437
921	1.007325	1.0774964
922	1.0050204	1.0730033
923	1.0894567	1.0894097
924	1.1144551	1.152877
925	1.1189861	1.1157067
926	1.0656236	1.0694852
927	1.0463727	1.08358
928	1.0693028	1.1639335
929	1.037022	1.1396955
930	1.0004959	1.0358083
931	1.0088859	0.9996055
932	1.0666168	1.1165005
933	1.0551944	1.0849798
934	1.0400045	1.0825267
935	1.069148	1.0868601
936	1.0259992	1.0251395
937	1.0253445	1.0827081
938	1.0509803	1.076878
939	1.0003306	1.048456
940	0.9964422	1.0517094
941	0.9899171	1.0145769
942	1.0844103	1.1166474
943	1.0103059	1.0011568
944	1.0015455	0.9814121
945	0.9697876	0.9480167
946	1.0394895	1.0353259
947	1.0331641	1.041898
948	1.0686333	1.0299554
949	1.0391511	0.9826488
950	0.9926096	0.98038507
951	0.9968911	0.96353596
952	1.0490338	1.0305079
953	1.106796	1.0518763
954	1.0075572	1.0064808
955	1.0461355	1.0158153
956	1.0194187	1.0045853
957	1.0220684	0.979089
958	1.0806726	1.0302353
959	1.0728557	1.0462722
960	1.0400554	1.1378244
961	1.0627649	1.1534833
962	1.0373987	1.0521303
963	1.027565	1.0833043
964	1.0791671	1.1240338
965	1.018463	1.0770624
966	0.97916937	1.0313581
967	1.0381882	1.0873718
968	1.0194459	1.0803056
969	1.0898904	1.1791029
970	1.0551808	1.0808761
971	0.99620324	1.0581783
972	2.5925066	2.4346852
973	1.0074428	1.0500692
974	1.04517	1.0953029
975	0.99788624	1.025518
976	0.9655368	0.9992185
977	0.95867175	0.95867485
978	0.9782132	1.0353768
979	0.9894042	1.0259802
980	1.0508447	1.0828798
981	1.0284753	1.0316575
982	1.0835348	1.1296742
983	1.038646	1.0654954
984	0.96909124	0.9877739
985	0.9950449	1.0355601
986	1.0220433	1.082528
987	0.9955308	1.0253574
988	0.95674706	0.9857876
989	1.046762	1.0922985
990	0.959447	0.97444296
991	1.0343425	1.1087496
992	1.0180635	1.0871611
993	1.0708139	1.1801938
994	1.021957	1.0848304
995	1.0064473	1.0122017
996	1.0016762	1.0508615
997	1.0735246	1.1260593
998	1.0977888	1.1771643
999	0.98914254	1.0323852
1000	0.93796045	0.94634455
1001	1.0435084	1.0944912
1002	0.9472283	0.9709804
1003	0.9963907	1.0479809
1004	0.99499214	1.06507
1005	1.0482358	1.1114433
1006	1.0270511	1.082315
1007	0.9849685	1.014326
1008	0.9558297	0.96094286
1009	0.9500815	0.93512833
1010	0.98627776	0.9903181
1011	0.9620519	0.97122747
1012	0.9772917	0.97061265
1013	0.9742851	0.94579947
1014	1.007138	1.0283592
1015	1.0039455	1.0008637
1016	0.9504346	0.9296194
1017	0.8580959	0.8101456
1018	1.2592366	1.2636737
1019	0.9077349	0.89341027
1020	0.99305135	0.9841905
1021	0.9901534	0.95204586
1022	0.9778512	0.9503322
1023	0.94920766	0.94164747
1024	0.94807386	0.9668839
1025	1.3219315	1.3950399
1026	0.92930794	0.87125695
1027	0.95039153	0.9185225
1028	0.9827862	0.95269847
1029	0.9651166	0.9473654
1030	1.0678171	1.0543226
1031	0.9898535	0.96240115
1032	0.9772842	0.9530026
1033	1.0024272	1.0064616
1034	0.9614019	0.91837925
1035	0.98635274	0.958218
1036	1.0073934	0.94837147
1037	0.9933302	0.9790839
1038	1.0005561	0.9860748
1039	1.0206709	1.0112021
1040	0.9821568	0.9536942
1041	0.9997251	0.9311443
1042	1.003605	0.98325044
1043	1.038223	1.0158004
1044	1.0546204	1.01611
1045	1.0330299	0.95546556
1046	1.0513637	1.0038459
1047	1.0521202	1.0142876
1048	1.0361996	0.98247653
1049	1.8192608	1.8284159
1050	0.8513639	0.81935453
1051	0.83504933	0.7825517
1052	1.0081372	0.9501231
1053	0.9517254	0.9023892
1054	1.02475	0.97048867
1055	0.95765746	0.943396
1056	0.9790946	0.9696845
1057	1.0131108	1.0254918
1058	0.96392107	0.93478227
1059	1.061606	0.9852052
1060	1.0020943	0.96675265
1061	1.0047601	0.9784585
1062	1.0010839	0.96860075
1063	1.0044272	0.9735051
1064	0.9660438	0.92086834
1065	0.9650178	0.93792456
1066	0.9768638	0.94000465
1067	0.9906386	0.9832609
1068	0.9939025	0.98501194
1069	1.0157105	0.99068534
1070	0.94298303	0.901116
1071	1.0033789	0.9589491
1072	1.0238684	0.9673257
1073	1.0550759	0.9869431
1074	1.0386647	1.0037676
1075	1.0362093	1.0075569
1076	1.0224382	0.9747351
1077	1.1029779	1.0351697
1078	1.0132408	0.9788172
1079	1.0435365	0.9990543
1080	1.0878258	1.0219814
1081	1.0857927	1.0058278
1082	1.0819868	1.0267742
1083	1.0492817	0.9841051
1084	1.0779094	1.014818
1085	1.0925608	1.0135852
1086	1.0957179	1.0358288
1087	1.0488687	1.0091971
1088	0.97015744	0.9875928
1089	0.9309534	0.93387955
1090	0.9773922	0.94017386
1091	0.9823463	0.97395205
1092	0.80721503	0.7902138
1093	0.8612711	0.8459151
1094	1.6049203	1.6351798
1095	0.92067343	0.89088804
1096	0.98252624	1.0029345
1097	0.9294825	0.9389247
1098	0.924111	0.899867
1099	0.98190534	0.9863187
1100	0.9215666	0.88694775
1101	0.9590463	0.94757754
1102	0.97281164	0.9796068
1103	0.98368096	0.9915195
1104	0.913334	0.90007627
1105	1.0195162	0.97013086
1106	1.0365223	1.0293895
1107	0.9702052	0.96135986
1108	1.0322565	1.0110863
1109	1.0132898	0.9517856
1110	1.0318836	1.0067376
1111	1.0777488	1.0542196
1112	0.9726214	0.95139027
1113	1.0284942	1.0259178
1114	0.9874968	0.98828936
1115	1.0338625	1.0166823
1116	0.9765024	0.96918076
1117	1.0411319	1.0231013
1118	0.9461728	0.91463125
1119	0.9594229	0.95917404
1120	0.9744587	0.99176043
1121	0.99046594	1.0210953
1122	0.94836265	0.94361347
1123	0.95358074	0.90798384
1124	0.9881464	0.9919542
1125	0.93982965	0.91214144
1126	0.97032726	0.97036487
1127	0.965646	0.9340729
1128	1.0292734	0.9925842
1129	1.0009371	0.98336816
1130	1.0177807	0.9990114
1131	1.083715	1.085616
1132	1.0604031	1.0870312
1133	1.0019425	0.9975475
1134	0.9802605	0.9752287
1135	1.0268972	1.0079253
1136	0.98316735	0.96022004
1137	1.0715079	1.0379932
1138	0.96378183	0.9398159
1139	0.97979176	0.96445465
1140	1.060192	1.0187538
1141	1.0578876	0.9945641
1142	0.9982504	0.9876547
1143	1.085801	1.0557655
1144	1.0384272	0.9902949
1145	1.0176657	0.9510363
1146	1.0102768	0.97678757
1147	1.0075188	0.9630721
1148	1.0619164	1.0169092
1149	1.1145495	1.0433238
1150	1.066014	1.0105351
1151	1.0611014	1.0154107
1152	0.93444055	0.9578349
1153	0.9740334	0.99499154
1154	0.95244384	0.9198824
1155	0.96179014	0.9561596
1156	0.8865062	0.87174714
1157	0.9058714	0.89270747
1158	1.1782542	1.1799213
1159	0.8948081	0.87277603
1160	1.0153183	1.0201786
1161	0.9968536	1.0179962
1162	0.94081885	0.91311145
1163	1.0053967	0.9932479
1164	1.0026134	0.9593317
1165	1.0159703	1.0220603
1166	0.9914349	0.98791146
1167	0.9850122	0.9884138
1168	0.9736199	0.9718865
1169	0.9620811	0.9387121
1170	0.9460272	0.9574536
1171	0.9914609	1.0002104
1172	0.9979347	0.9825401
1173	1.016631	0.9756126
1174	1.0315568	1.0120986
1175	0.99430466	0.9750373
1176	1.0016164	0.986175
1177	1.0595204	1.0536206
1178	0.97892946	0.9719544
1179	1.0142851	0.98610497
1180	1.0046726	0.99237037
1181	1.0757554	1.0527399
1182	0.97720015	0.9574851
1183	0.97540945	0.96977985
1184	0.99247676	0.9910865
1185	0.97018903	1.007633
1186	0.9996182	1.0115204
1187	0.97908944	0.9347504
1188	0.96692604	0.9496046
1189	0.9923916	0.9726751
1190	1.011021	1.005054
1191	0.99887097	0.9870115
1192	0.9518139	0.91228515
1193	0.99225885	0.9744164
1194	0.9700735	0.94330597
1195	0.97942334	0.97226816
1196	0.9993585	1.005166
1197	1.0375596	1.0489584
1198	0.9517901	0.93479455
1199	0.98524207	0.97208637
1200	0.9849144	0.95983756
1201	1.020149	0.98413056
1202	1.0181986	0.99469966
1203	1.0111841	1.0056683
1204	1.0204489	0.98172754
1205	0.9728637	0.94410586
1206	1.0086344	0.98791176
1207	0.967348	0.96368283
1208	1.0617951	1.0205426
1209	1.0473646	0.98121655
1210	1.0521907	1.0222414
1211	0.998313	0.9589045
1212	0.9896693	0.9522488
1213	1.1034796	1.0439999
1214	1.0204277	0.9807894
1215	1.0606185	1.0252289
1216	0.9672124	1.0047556
1217	1.0261042	1.0506139
1218	0.9778969	0.93920946
1219	0.9734157	0.96381646
1220	1.0126616	1.022321
1221	0.9914014	0.9963123
1222	1.0296279	1.0253052
1223	0.9900304	0.97530943
1224	0.9787837	0.9957397
1225	0.96769214	0.9785333
1226	0.9546466	0.93466103
1227	1.0009743	1.0146518
1228	1.0160408	0.9732998
1229	0.9662331	0.9604868
1230	0.9760153	0.97776985
1231	0.9803768	0.9926459
1232	0.9983945	1.0051689
1233	0.94713646	0.91270536
1234	0.959439	0.96111053
1235	0.97978526	0.9604382
1236	1.0119696	0.9858091
1237	1.0652995	1.0172538
1238	1.0111619	0.9953582
1239	1.0065339	0.98449254
1240	0.99381447	0.975631
1241	0.99025095	0.9819681
1242	0.971669	0.9801516
1243	0.9312692	0.91827506
1244	1.0118545	0.9955855
1245	1.008528	0.9767431
1246	0.98616225	0.9585958
1247	0.98857796	0.9927284
1248	0.9400391	0.951127
1249	1.0109162	1.0438493
1250	0.98832417	0.9868136
1251	1.0075152	0.9689838
1252	0.97696435	0.97534305
1253	0.97853136	0.97320074
1254	1.0028719	1.0113952
1255	1.0145714	0.9998934
1256	0.96754134	0.92983204
1257	0.99288046	0.9952868
1258	0.9581372	0.93759775
1259	0.95334905	0.951681
1260	0.9663317	0.9827657
1261	0.9534736	0.95116526
1262	0.9426078	0.9329169
1263	0.9548688	0.931275
1264	0.94730973	0.92632467
1265	0.99116415	0.95982003
1266	0.9314235	0.91569465
1267	0.9642451	0.95333314
1268	1.0283252	1.0030366
1269	1.0297775	0.97171074
1270	1.0249169	1.0185984
1271	1.0479249	1.024453
1272	1.0523744	1.010779
1273	1.0670779	0.9974639
1274	1.0649173	1.027417
1275	1.0847825	1.0498111
1276	0.96513546	0.94193166
1277	1.0532215	1.0100626
1278	1.0194868	0.9922082
1279	1.0675558	1.0384043
1280	0.99754506	1.0144901
1281	0.96357495	0.96937126
1282	0.9854469	0.95820254
1283	1.0437646	1.0400352
1284	0.9908897	0.9742971
1285	0.9798051	0.98233944
1286	0.9773197	0.96442384
1287	0.99315596	0.9635645
1288	1.0262631	1.0406429
1289	1.0097901	1.0111573
1290	1.0016515	0.9531967
1291	1.0238755	1.005425
1292	1.0360647	0.9887667
1293	0.9574105	0.9688135
1294	1.0202014	1.0113271
1295	0.99341536	0.9936901
1296	0.9107939	0.9046349
1297	0.9417866	0.89600414
1298	0.9732686	0.9762965
1299	0.9886191	0.97780305
1300	0.9953396	0.96931386
1301	0.9898366	0.94912225
1302	1.0079392	0.98217005
1303	0.98021406	0.95523125
1304	1.0048769	0.9891411
1305	1.0190822	1.0102211
1306	0.9845855	0.99753016
1307	1.0101035	0.9939689
1308	1.0424287	1.0264143
1309	1.0390013	1.0204468
1310	1.0371947	0.9980041
1311	1.0152284	1.0218494
1312	0.9663748	0.96065694
1313	1.0608354	1.0869876
1314	0.9986408	0.9834168
1315	0.95322376	0.9134068
1316	1.0073248	1.0000004
1317	0.94080454	0.92119116
1318	1.0062706	1.0090461
1319	0.98881716	0.95839024
1320	1.012839	0.9795902
1321	1.0654037	1.0602171
1322	1.027365	1.0160632
1323	0.9878525	0.9717093
1324	0.986472	0.9900632
1325	0.94833004	0.93425274
1326	0.9082813	0.89890337
1327	0.94645154	0.9060803
1328	0.98084	0.96453995
1329	0.9917861	0.9584427
1330	0.950886	0.9429919
1331	0.9862673	0.98075473
1332	1.0150006	0.9942806
1333	1.035579	0.98457927
1334	1.0279449	1.0291231
1335	1.0348855	1.0121591
1336	1.0193815	0.9801367
1337	1.0316718	0.9819141
1338	1.0366338	1.0074096
1339	0.9896924	0.95234585
1340	1.0984533	1.0636542
1341	1.1143817	1.0585344
1342	1.0850003	1.0376801
1343	1.0621108	1.0458862
1344	1.0278008	1.0299519
1345	1.0334349	1.0198958
1346	1.0490167	0.99200517
1347	1.033574	1.009987
1348	1.030483	0.9984444
1349	1.012376	0.9757176
1350	1.0435662	1.0043135
1351	0.98181343	0.9375982
1352	0.9875789	0.9762737
1353	1.0164241	1.0132617
1354	0.98110014	0.9408494
1355	0.95053804	0.9272067
1356	1.000244	0.9296867
1357	1.0143348	0.9767431
1358	1.0316753	1.0164827
1359	0.9525953	0.9192608
1360	1.01737	0.9704564
1361	1.0153229	0.9418485
1362	1.0279394	1.002095
1363	1.0334504	0.9899147
1364	1.0057992	0.9495968
1365	1.0058478	0.929953
1366	1.0392076	0.9721612
1367	1.0307717	0.9802789
1368	1.0469302	0.9913119
1369	1.1162846	1.0765276
1370	1.063696	1.0409104
1371	1.0330827	0.9797185
1372	1.0639892	1.0245196
1373	1.0307647	0.9916537
1374	1.0461289	0.9886413
1375	0.9928025	0.96905905
1376	0.94202065	0.94695264
1377	0.98055005	0.9874259
1378	1.0408291	1.0178419
1379	0.9556185	0.9083515
1380	0.87686837	0.8423498
1381	1.5556412	1.5677816
1382	0.9377318	0.91252816
1383	0.9182876	0.8736042
1384	0.9477571	0.88429797
1385	1.0172012	0.99283594
1386	1.0150688	0.98263156
1387	0.95195454	0.9217013
1388	0.9859013	0.9840848
1389	0.97527677	0.9442421
1390	0.9731554	0.93254226
1391	0.9950407	0.9430938
1392	0.96343476	0.9264576
1393	1.0308647	0.9886025
1394	1.0349525	0.9870398
1395	1.0748872	1.0408081
1396	1.090114	1.0276787
1397	1.1222057	1.046559
1398	1.0931801	1.0600196
1399	1.0360477	1.0007325
1400	1.0593861	0.98938817
1401	1.0703018	0.9804691
1402	1.0582006	1.0073636
1403	1.0387195	0.9750811
1404	1.0581901	0.99733543
1405	1.1445755	1.070812
1406	1.1241473	1.061349
1407	1.0831143	1.030873
1408	0.965004	0.9832141
1409	0.955057	0.956496
1410	0.9498671	0.895823
1411	0.97608614	0.9610792
1412	0.974754	0.95511264
1413	0.9336666	0.9239262
1414	0.8980395	0.89771265
1415	1.0034628	0.96783805
1416	0.9522488	0.9401496
1417	1.1091043	1.0925107
1418	1.0294881	0.96303976
1419	0.92956537	0.9014912
1420	1.1002048	1.0249442
1421	0.96146977	0.95447975
1422	0.968227	0.9566975
1423	0.9390975	0.91666824
1424	0.85357195	0.82362294
1425	0.826812	0.77255887
1426	0.9240918	0.880994
1427	2.2065043	2.408587
1428	0.9220268	0.898672
1429	0.9997438	0.95399857
1430	1.0413985	0.9908972
1431	0.98332924	0.9359034
1432	0.7857937	0.75460666
1433	0.8517803	0.8248915
1434	2.1711895	2.3404408
1435	0.8421364	0.8032911
1436	0.942363	0.91579163
1437	0.9846934	0.9407622
1438	1.0427114	0.9971742
1439	0.95346004	0.9285822
1440	0.9622344	0.94418603
1441	0.9781357	0.99421966
1442	1.0151203	0.97931707
1443	1.0113914	0.9499287
1444	0.97023034	0.942138
1445	0.99462765	0.9584153
1446	0.9622291	0.9566722
1447	0.952499	0.9144231
1448	0.97086537	0.91669476
1449	0.96998286	0.94962287
1450	0.92763895	0.88919246
1451	0.9514728	0.942452
1452	0.9548256	0.95582056
1453	0.95035326	0.91988385
1454	0.96735317	0.9392265
1455	1.0312564	0.9726069
1456	0.9469301	0.917136
1457	1.0363245	0.99514484
1458	0.95620036	0.9147126
1459	0.9642398	0.9438787
1460	1.0591925	0.9976635
1461	1.0509536	0.9773504
1462	1.0331055	1.0164113
1463	1.0281197	0.9812785
1464	1.040677	0.98308843
1465	1.0059688	0.93644357
1466	1.1026149	1.0603647
1467	1.0835255	1.0360135
1468	0.9757127	0.91944665
1469	1.0720811	0.9899127
1470	1.0408616	0.97895956
1471	1.055902	1.0113224
1472	0.9885583	0.99535435
1473	1.016248	1.0172983
1474	0.92538303	0.87748957
1475	1.0117816	0.99127
1476	0.9982524	0.9748294
1477	0.96081173	0.9563472
1478	0.9569047	0.93980753
1479	1.0400157	0.99708563
1480	0.99642164	0.9967533
1481	1.0952213	1.098496
1482	0.9548263	0.91996735
1483	0.9824003	0.9674221
1484	1.0643715	1.003317
1485	0.9552019	0.9463976
1486	0.97275746	0.9523413
1487	0.9497295	0.93746835
1488	0.9738687	0.96628267
1489	1.0886633	1.0296911
1490	1.022468	1.0296831
1491	0.996782	0.98305494
1492	0.96827817	0.93654037
1493	0.9667382	0.9216145
1494	1.1026621	1.0627611
1495	0.9851989	0.95319474
1496	1.0468163	1.0093292
1497	0.91733706	0.9031335
1498	0.9688718	0.95413274
1499	1.0374622	1.0089853
1500	0.98831296	0.9530459
1501	0.99884003	0.96758443
1502	0.9548272	0.9214051
1503	0.94095826	0.93097275
1504	1.020858	1.0398033
1505	1.0447313	1.0686362
1506	1.0161431	1.0030859
1507	1.0623754	0.9987735
1508	0.9725311	0.9471466
1509	1.0172061	0.9823921
1510	0.9931494	0.9921916
1511	0.9869909	0.9594316
1512	0.96242285	0.9108424
1513	1.026631	1.0200149
1514	0.995186	0.9723357
1515	1.0014232	0.9799224
1516	1.0734627	1.0865238
1517	0.9889828	0.97038114
1518	0.98285353	0.95368874
1519	0.9204998	0.8808049
1520	0.9172647	0.88844794
1521	0.9466388	0.90765214
1522	0.96837455	0.93890977
1523	1.0090576	0.9856595
1524	1.0263884	0.9793917
1525	1.0133839	0.9467199
1526	0.95877457	0.9350257
1527	1.031806	0.98940295
1528	1.0376966	0.97948676
1529	1.0203518	0.9396068
1530	1.4653049	1.4141507
1531	0.96650505	0.9245835
1532	1.0637261	1.014563
1533	1.0870229	1.0137722
1534	1.0652221	1.0184911
1535	1.0124472	0.9714261
1536	0.9727655	0.99083114
1537	0.9561116	0.95389783
1538	0.98097783	0.93336743
1539	0.9970898	0.97413826
1540	1.003039	0.98883986
1541	1.0114361	1.0051175
1542	0.9872547	0.96291286
1543	1.0460548	1.0220218
1544	0.98031735	0.9877809
1545	1.0205595	1.0212457
1546	0.9872915	0.9419919
1547	0.9349605	0.9289185
1548	1.0275494	0.97249055
1549	0.97632927	0.96251506
1550	0.9664921	0.9640027
1551	0.9512903	0.95365214
1552	0.9756416	0.9708555
1553	1.0211391	0.9682586
1554	0.97358644	0.94954
1555	1.0097092	0.99861777
1556	0.9998266	0.9613977
1557	1.0454111	0.9832612
1558	1.0613754	1.0250407
1559	1.0411521	0.99363464
1560	0.9950411	0.9640799
1561	1.0134685	0.9771791
1562	0.9512736	0.93574154
1563	0.97413445	0.94823074
1564	1.0417291	1.00012
1565	1.0628918	1.0320663
1566	1.0060205	0.9561217
1567	0.9972998	0.9955157
1568	0.9885444	1.0010622
1569	1.0473346	1.0822419
1570	1.014996	0.99893165
1571	1.0132164	0.98443675
1572	0.980205	0.9673883
1573	1.0085952	0.98669535
1574	0.9930109	1.0015246
1575	1.0136206	0.97608554
1576	0.99271667	0.9487075
1577	0.9767787	0.9822073
1578	1.0686476	1.0575972
1579	1.00823	0.99073607
1580	0.99672025	1.0145999
1581	0.96845055	0.95189923
1582	1.0024314	0.99087715
1583	0.96122205	0.92376
1584	1.016136	0.9682555
1585	1.0588466	1.0131869
1586	1.0283455	0.99833167
1587	1.011695	0.993338
1588	1.0415426	0.9989395
1589	1.0420423	0.9631653
1590	1.0781564	1.0579921
1591	1.0390794	0.98856914
1592	1.1104206	1.0638334
1593	1.0841261	1.0209454
1594	1.0737051	1.0344421
1595	1.0865659	1.0365223
1596	1.0560622	0.990663
1597	1.1025971	1.044913
1598	1.0988508	1.0398808
1599	1.0734133	1.0353392
1600	0.9930685	1.0219783
1601	0.9737119	0.9731371
1602	0.98131716	0.9580154
1603	1.0024074	0.9999787
1604	0.9433497	0.9384287
1605	0.99408674	0.99748546
1606	1.0458524	1.0418055
1607	0.9572759	0.9422129
1608	1.0076419	1.0111881
1609	0.9901126	0.99743575
1610	0.9638889	0.9321362
1611	0.9627056	0.95359844
1612	1.0104973	0.96771044
1613	1.006631	0.9998446
1614	0.97116786	0.9618009
1615	0.94111776	0.9327592
1616	1.0154345	0.99787897
1617	1.0395123	0.98357373
1618	1.0101026	1.0024154
1619	1.0231444	1.0082661
1620	0.9780278	0.9466605
1621	0.9728638	0.92671365
1622	1.0169836	0.98741865
1623	1.0560074	1.0235782
1624	1.0141807	0.97972
1625	0.9946153	0.9736542
1626	0.9978831	0.981722
1627	0.9951046	0.95641726
1628	1.0620441	1.0456175
1629	1.0760096	1.0527445
1630	1.0508205	1.0113882
1631	0.9968417	0.996542
1632	0.9527944	0.9591073
1633	0.9730307	1.0049049
1634	0.99415433	0.98899406
1635	0.96527946	0.9168088
1636	0.9378259	0.92520535
1637	1.0147138	0.99939203
1638	0.99426526	0.9846553
1639	1.0538114	1.0393336
1640	0.99739903	0.94840837
1641	1.0628204	1.0640898
1642	0.9956947	0.97627205
1643	0.9455055	0.93312764
1644	1.009737	1.0287768
1645	0.9797512	0.975781
1646	1.0288422	1.0211778
1647	0.9534312	0.9310472
1648	0.9797914	0.95199955
1649	1.0111306	0.9687549
1650	1.0442567	1.004829
1651	0.99867076	0.9815332
1652	0.98571455	0.94543123
1653	1.0230286	0.9622325
1654	0.96575016	0.9510258
1655	0.97829205	0.9464019
1656	1.0655031	1.0028445
1657	0.9958757	0.9238751
1658	1.0034188	0.97405905
1659	1.0383272	0.9914881
1660	1.0416093	1.0031652
1661	1.1228752	1.0663351
1662	1.0113356	0.96994627
1663	1.083437	1.059938
1664	0.9928739	1.0168016
1665	0.992082	0.9985339
1666	1.0237958	0.9891021
1667	1.0087445	1.0036232
1668	0.99318117	0.9880473
1669	0.9763806	0.9826294
1670	0.97235256	0.9706697
1671	1.0348629	1.0404363
1672	1.0083473	1.0192648
1673	1.0483799	1.0565329
1674	0.9488297	0.92189974
1675	0.9316918	0.93498653
1676	0.95650405	0.91561264
1677	0.9537464	0.93788314
1678	0.96531516	0.96231276
1679	0.95811254	0.9607014
1680	0.9452782	0.9434602
1681	0.98430896	0.93390065
1682	0.96871036	0.9746693
1683	0.9587354	0.95768505
1684	1.0412501	1.0126283
1685	0.99976367	0.96938497
1686	1.007058	0.99037796
1687	1.0523593	1.039961
1688	1.0096338	0.9913655
1689	0.9965512	0.9799898
1690	0.97689503	0.9712885
1691	0.99887663	0.9750368
1692	1.0090408	0.99624974
1693	1.0209783	1.0108606
1694	1.0018408	0.99285215
1695	0.93803096	0.94851905
1696	0.98357064	0.98378605
1697	1.0003622	1.0118015
1698	0.9942786	0.97844183
1699	1.0001887	0.95197177
1700	0.96316826	0.9559319
1701	1.0436562	1.0246207
1702	1.0408702	1.028149
1703	1.0046462	0.98322177
1704	1.0115947	0.9747801
1705	1.0783018	1.0688951
1706	1.0540484	1.0367296
1707	1.011149	1.0064765
1708	1.0279037	1.0423039
1709	0.99200946	0.98421407
1710	0.98866755	0.95569307
1711	0.9537348	0.92437685
1712	0.9756397	0.9589603
1713	1.047719	1.0135915
1714	1.0192348	1.003773
1715	1.0802838	1.0783939
1716	0.9600017	0.92867917
1717	1.0098823	0.96694124
1718	0.98282284	0.97965014
1719	1.061061	1.0436708
1720	1.0631555	1.0268079
1721	1.0302125	0.9857881
1722	1.0624171	1.0481818
1723	1.0966299	1.0763392
1724	1.054301	1.0255201
1725	1.0718156	1.0361528
1726	1.0999982	1.0651772
1727	1.0186957	1.0112623
1728	0.98277074	0.9973909
1729	0.98640555	0.9951248
1730	0.9227404	0.87719065
1731	0.9599091	0.9375732
1732	1.001513	0.97377264
1733	0.9543057	0.93657416
1734	1.0245504	0.9982122
1735	1.0063146	0.9689259
1736	0.9885514	0.9883912
1737	0.97242	0.9823137
1738	0.9282196	0.88577497
1739	0.968495	0.95503104
1740	0.95636636	0.90562594
1741	0.9873355	0.9764381
1742	0.9640676	0.95984924
1743	1.0068235	0.98927766
1744	1.046492	1.0222514
1745	1.0137881	0.96539223
1746	0.9843782	0.9702571
1747	1.0139745	0.9993037
1748	0.9941051	0.9565746
1749	1.0374174	0.96678835
1750	1.1331025	1.0863432
1751	1.0025387	0.9688224
1752	0.9932449	0.96102256
1753	1.0345219	1.0089817
1754	1.0226386	1.0065465
1755	1.0168512	0.98513085
1756	1.033966	1.0045735
1757	1.030552	0.98738694
1758	1.0509056	1.0086647
1759	1.0033147	0.9897452
1760	0.97325104	0.98255104
1761	0.9641808	0.9760461
1762	0.9668535	0.946637
1763	0.99734426	0.9420242
1764	0.66354823	0.63253725
1765	1.0	1.0
1766	0.7546568	0.7269211
1767	1.0154428	0.9818322
1768	1.0606349	1.0097251
1769	0.9506624	0.9137369
1770	0.9830188	0.949822
1771	0.97427243	0.94983345
1772	1.0494692	1.0643817
1773	0.93491745	0.9114815
1774	1.0037545	0.98162663
1775	0.9110097	0.8829573
1776	0.984543	0.9533133
1777	1.0376354	0.99778557
1778	0.99702185	0.9609614
1779	0.9803633	0.95924056
1780	1.1179147	1.0630935
1781	1.0646297	0.9897427
1782	1.0398861	1.023405
1783	1.0498308	1.0145379
1784	1.0952713	1.0449624
1785	1.0846262	1.0109956
1786	1.0728664	1.0358504
1787	1.1093659	1.061393
1788	1.0353978	0.98676455
1789	1.0603244	1.0049194
1790	1.061476	1.0102811
1791	1.0376843	1.0071977
1792	0.9356111	0.9395631
1793	1.0303056	1.0418388
1794	1.0240436	0.9731977
1795	1.008279	0.9688914
1796	1.0067388	0.97895324
1797	0.97620964	0.95775926
1798	1.0113721	1.0009055
1799	1.0283405	0.96954995
1800	0.9831132	0.9859793
1801	0.98544806	0.989772
1802	0.9553047	0.9041288
1803	0.9760304	0.94728136
1804	1.0172393	0.9514991
1805	0.995533	0.9727594
1806	0.99333286	0.96071714
1807	0.92764467	0.9168078
1808	0.9383197	0.88822985
1809	1.022049	0.96009284
1810	1.0491437	1.015314
1811	1.0099674	0.99012685
1812	1.0	1.0
1813	1.0	1.0
1814	1.0	1.0
1815	1.0	1.0
1816	1.0396434	1.0027457
1817	1.013437	0.9869665
1818	1.0211989	0.9996922
1819	0.98135287	0.9451175
1820	1.040071	1.0012084
1821	0.9925733	0.9537331
1822	0.97887874	0.93377155
1823	0.99313813	0.97353584
1824	0.86105376	0.8689016
1825	0.97153616	0.98673326
1826	0.9246855	0.90337497
1827	0.99816483	0.9385164
1828	0.647542	0.60815555
1829	1.0	1.0
1830	0.7658561	0.7375861
1831	0.7545347	0.7096966
1832	1.0185878	0.97075266
1833	0.9377985	0.90365374
1834	0.98968893	0.9607938
1835	0.9501805	0.9158586
1836	1.0303682	1.0561194
1837	0.91967905	0.91460776
1838	0.9596766	0.93179303
1839	0.9118049	0.86891717
1840	0.8714037	0.8481549
1841	1.2282532	1.1980273
1842	0.83701426	0.8102222
1843	0.88536596	0.8625427
1844	0.9794182	0.94182086
1845	1.0034405	0.940293
1846	0.96912205	0.9638265
1847	0.9437103	0.91127825
1848	1.0332171	0.9734849
1849	1.0197026	0.9347535
1850	1.0326563	0.9887201
1851	1.0095688	0.9634836
1852	0.9352929	0.89628184
1853	0.9435613	0.89511245
1854	1.0027809	0.93685174
1855	0.99233264	0.95522773
1856	0.9611761	0.9794572
1857	0.9481104	0.94852996
1858	0.9632571	0.9110094
1859	0.9880991	0.9748779
1860	0.92816293	0.8925948
1861	0.96833247	0.94487834
1862	1.0579149	1.0416481
1863	0.9674158	0.9479433
1864	1.00997	1.0072454
1865	0.99204934	0.98485076
1866	1.0033017	0.9544865
1867	0.9611042	0.93250614
1868	0.8657041	0.7968682
1869	1.6656333	1.7640907
1870	0.8804761	0.84793216
1871	0.8144254	0.78644127
1872	0.89192945	0.87575847
1873	0.9322814	0.8798061
1874	1.183479	1.2166054
1875	0.9654493	0.94978565
1876	0.96164834	0.93089616
1877	1.0100348	0.9379035
1878	0.98406476	0.96031046
1879	1.0290294	0.9897225
1880	0.9755355	0.9490125
1881	1.0146233	0.9930302
1882	1.0025061	0.9941993
1883	0.98966515	0.9616298
1884	1.0713731	1.0447028
1885	1.0233864	0.987968
1886	0.9917364	0.9487129
1887	0.96400523	0.9579725
1888	0.9786179	0.9847685
1889	0.9673777	0.98436993
1890	1.0352404	1.008313
1891	1.0285184	0.9642208
1892	0.97873765	0.95467794
1893	1.0308791	1.0144501
1894	0.9806558	0.96816874
1895	1.0104544	0.9833861
1896	1.0140246	0.9581676
1897	0.99835646	0.9891935
1898	0.9924146	0.95050555
1899	0.99345165	0.9850041
1900	0.98656523	0.98608845
1901	1.0085763	0.98938954
1902	0.9873159	0.95436734
1903	0.9694968	0.9189256
1904	0.9461457	0.9159788
1905	1.016634	0.97969055
1906	0.991458	0.9512876
1907	0.97873604	0.9502029
1908	1.0003651	0.9466882
1909	0.9971432	0.92649305
1910	1.0512209	1.0224717
1911	1.0348971	0.99237657
1912	1.0607426	1.0066359
1913	1.0838356	0.99906445
1914	1.0374228	0.9983438
1915	0.9851819	0.9347923
1916	1.0408597	0.97959584
1917	1.0318519	0.97322935
1918	1.0337294	0.98008865
1919	1.0006955	0.9676988
1920	0.92698467	0.94432616
1921	0.9817179	0.9811905
1922	0.95566267	0.9075101
1923	1.0029892	0.9858086
1924	0.9900449	0.9754344
1925	0.97681206	0.96893907
1926	0.994265	0.97522825
1927	0.9567959	0.9362571
1928	1.0667114	1.0889494
1929	0.92630476	0.91706556
1930	0.9123693	0.87127423
1931	1.0861955	1.0904279
1932	0.98388124	0.9105347
1933	0.9404652	0.9166978
1934	1.1363589	1.148915
1935	1.0779388	1.0938212
1936	0.9536798	0.9434196
1937	0.92690855	0.88399655
1938	0.94976205	0.9405847
1939	1.0094231	0.99782634
1940	0.9823751	0.95623446
1941	1.0570216	0.9935403
1942	1.0547714	1.0125653
1943	0.99709606	0.95935386
1944	0.85911965	0.8318239
1945	1.4110703	1.4421113
1946	0.8580021	0.84182614
1947	0.82185876	0.7969305
1948	0.9754125	0.9480965
1949	0.98841417	0.9427845
1950	1.0073326	0.9653742
1951	0.9498166	0.95087695
1952	1.0622654	1.089603
1953	0.88069373	0.8918595
1954	0.8879563	0.8662682
1955	1.1054363	1.068356
1956	0.63170785	0.6053564
1957	1.0	1.0
1958	0.8829563	0.86027473
1959	0.7205165	0.6871039
1960	0.94111407	0.901972
1961	0.9714881	0.96382004
1962	0.93999803	0.9144637
1963	0.95936334	0.9464814
1964	1.1247296	1.1548779
1965	0.87171936	0.84598005
1966	1.051529	1.0575873
1967	0.85426277	0.8142799
1968	0.97473913	0.94914764
1969	1.0213653	0.97741777
1970	1.0223175	0.9942975
1971	1.0081671	1.0009522
1972	0.992858	0.9482439
1973	0.9828348	0.9187007
1974	0.991865	0.9774184
1975	0.986679	0.94452566
1976	1.0621623	1.0182948
1977	1.0738019	1.0018764
1978	1.0651581	1.0284185
1979	1.0308112	0.99684685
1980	0.9524704	0.9052823
1981	1.068225	1.0121449
1982	1.0620626	1.0134727
1983	1.0857083	1.0418398
1984	1.000552	1.0116848
1985	0.9791986	0.9703498
1986	0.94036055	0.88609946
1987	1.024637	1.0073868
1988	0.9610854	0.9369565
1989	0.95685154	0.95028144
1990	0.95763224	0.9334926
1991	0.9973431	0.9636318
1992	1.0362116	1.0361183
1993	0.94196916	0.9346849
1994	0.9519649	0.9003306
1995	1.0587447	1.0620661
1996	0.90631574	0.8595836
1997	0.94370526	0.92649513
1998	1.0238432	1.0023195
1999	1.0264258	1.0226034
2000	0.9937172	0.9993323
2001	0.96583176	0.9061918
2002	0.9718661	0.9584346
2003	1.1074097	1.1124401
2004	1.0080788	0.9571734
2005	1.0451553	0.9932774
2006	1.0369533	1.0092437
2007	1.0550503	1.0165102
2008	0.6731842	0.6433779
2009	1.0	1.0
2010	0.91004795	0.8935975
2011	0.6713611	0.6263036
2012	0.9795652	0.9392405
2013	0.97413635	0.9382521
2014	1.0078322	0.9747699
2015	0.98933023	0.97734475
2016	1.0435634	1.0441816
2017	0.9757322	0.9912427
2018	0.95608425	0.9346485
2019	1.0039804	0.956115
2020	0.9817608	0.93619233
2021	0.9892445	0.9585378
2022	0.94828314	0.9221938
2023	1.000875	0.9584511
2024	1.0103409	0.9440098
2025	1.0178442	0.98308945
2026	0.994027	0.9551516
2027	0.999179	0.97466314
2028	1.0328494	1.0444983
2029	0.9628774	0.9359594
2030	0.9998069	0.97069556
2031	0.9098728	0.8630456
2032	0.95608014	0.93558913
2033	1.0186406	0.9716756
2034	0.9881022	0.9462588
2035	0.99721545	0.97794044
2036	0.9287966	0.8788768
2037	1.0003442	0.9375329
2038	1.0125939	0.99160516
2039	0.99880564	0.9546263
2040	0.9386353	0.88098633
2041	0.99337614	0.9256331
2042	0.99123114	0.95908654
2043	1.3897415	1.3658409
2044	1.0320654	0.9784309
2045	1.0248129	0.96181256
2046	1.0209776	0.9555167
2047	1.0163119	0.98268944
